l=[1 2 3; 2 3 3]
l(1,:)
